276
300
474
042
353
263
445
653
533
107
573
510
375
370
534
550
755
240
363
015
535
266
723
162
777
165
257
360
372
672
411
616
027
621
716
642
722
010
147
361
067
641
203
046
071
315
516
253
724
762
104
074
225
251
045
121
655
224
544
244
332
743
267
566
241
221
160
532
703
233
560
602
514
247
441
031
161
016
540
541
154
626
476
143
530
373
070
333
217
366
114
731
004
176
552
756
420
563
260
734
775
606
351
065
271
620
527
744
402
352
765
105
551
522
701
144
410
311
746
146
002
053
350
312
556
051
706
072
131
135
222
050
115
341
650
771
200
322
030
064
710
444
141
773
256
102
014
622
261
231
205
270
564
277
331
005
452
374
174
413
450
662
025
661
461
061
457
526
720
502
673
605
634
712
301
142
664
346
565
660
656
446
607
330
406
546
120
034
465
745
132
171
255
317
503
117
140
633
023
702
052
752
112
576
577
307
407
066
273
211
100
414
335
035
554
125
275
304
614
604
543
627
651
423
073
513
327
343
177
675
264
736
415
155
547
272
624
026
412
726
711
077
323
766
523
760
764
204
123
670
130
076
647
537
127
170
657
201
245
242
124
504
571
433
001
303
572
400
471
761
215
422
133
401
404
521
262
536
405
152
314
134
122
220
364
150
524
732
610
436
321
575
750
631
440
600
252
501
644
232
561
416
357
060
274
250
713
000
613
106
212
340
137
166
617
302
316
637
601
054
520
654
313
555
376
455
223
462
003
531
265
733
463
717
306
677
557
646
442
741
574
735
226
056
751
506
447
472
425
421
136
040
236
024
062
113
216
017
652
036
467
437
640
354
545
512
635
615
075
310
562
770
676
214
206
347
753
451
210
553
153
776
055
636
431
145
625
671
227
237
426
704
167
612
464
371
767
567
742
356
037
116
151
507
772
334
365
043
665
443
454
737
757
173
460
714
157
111
012
013
377
730
763
663
243
021
254
163
355
207
324
032
022
667
453
344
044
235
747
754
456
475
403
630
020
643
417
674
435
705
715
727
470
434
057
047
007
505
517
477
006
011
033
202
511
542
740
432
345
725
362
707
430
156
337
645
305
041
367
666
336
063
427
320
466
570
632
515
213
721
342
101
623
424
164
234
500
175
700
525
4416
4421
3650
3206
5675
1104
5755
2477
2066
0333
7767
0711
7534
2525
4362
1423
0371
2232
7542
7046
7761
6104
7637
0174
1361
5247
4426
3410
2553
0111
0622
2615
6710
1320
1710
0423
4152
7520
0045
5332
4720
0014
5673
4310
4206
7750
2240
3501
1640
3523
1350
4115
6322
6720
2320
4203
1611
7545
1201
3667
1313
1155
3643
0736
0070
4300
3306
6214
1366
7134
7056
1451
4514
7222
1260
5760
6303
5326
5035
6511
6351
7737
4346
4644
6522
0431
5102
6646
7756
2100
5622
6641
4360
6733
7032
0153
7574
2456
2662
1304
0220
4216
4341
3723
4132
1615
6151
1067
4762
5556
2761
4463
2726
5531
6410
0551
1646
6100
1730
7314
4220
2702
4232
4062
6355
0555
0347
3775
0031
4370
7420
2267
1744
7623
2046
4651
5526
6015
3364
3466
6704
6655
2461
0034
5665
4757
3155
0652
2304
6307
7774
2652
0603
3260
4175
7007
7177
0626
1141
4533
5314
1672
4246
3110
6073
1314
6570
1267
3503
2362
0133
4535
1475
7002
4705
0447
3430
4043
4544
2550
7700
3150
6113
5164
1343
1447
0103
4751
3757
3653
5172
0255
5166
5550
6430
6050
0533
0452
3035
0030
7132
3101
5744
6244
5623
4503
5015
0140
0202
3044
0645
5270
2376
4625
6434
5151
7600
4530
6316
1211
2312
5115
2755
0621
6011
2207
6521
7554
3454
0511
1740
4501
0317
1606
4075
0535
0274
6300
6121
2021
5731
4735
6326
6722
2326
7240
6111
7041
0351
0207
4240
7677
5056
6211
4344
7230
5757
1052
1277
4022
3031
2754
5240
5101
0725
3420
7507
2517
7226
6043
2253
4577
5712
6630
3250
4251
7216
0036
6123
0664
2273
4665
6401
7613
7571
3472
6435
6740
2255
5406
2675
0145
6373
5650
5022
5751
5614
6135
7470
2034
5551
5047
1030
6376
6476
6071
5155
5220
0400
0444
5141
4107
3432
0661
1547
7621
4722
7104
3303
0741
0526
2060
1327
2360
2023
4321
3145
4313
7716
6000
3434
1533
3405
3270
4432
2432
3450
1323
7414
7644
3562
0033
2105
3061
1655
0053
4337
4342
6550
5237
7005
4500
3624
5773
2204
3177
4277
5660
3276
1177
4610
1645
3623
0277
7023
4557
7603
7014
7233
1400
2361
0647
0264
6530
2607
1062
4105
3372
0372
5025
7267
7725
5532
3531
4102
3500
2535
1565
7311
2124
5607
7313
1121
1362
6032
7421
2000
6477
4307
0665
2254
0162
0334
1762
0657
6105
4271
6222
0232
2200
1567
3610
3510
6640
4267
2422
5511
2776
5330
4464
0542
3675
4221
3756
1005
1103
2621
5674
3344
4731
1725
5000
7661
1255
6535
5340
3367
1264
1553
4012
5537
4071
4617
4733
4556
6676
0301
0541
3416
5645
6310
3512
3050
4202
1076
2236
2774
0251
1764
4354
5734
2365
0577
2222
4215
5075
6031
3613
0675
4402
4174
7133
3014
5720
0020
3712
6514
1741
7515
5502
7012
3340
4740
3421
2653
4111
4706
6716
5472
3063
6306
5722
4034
6632
3144
3136
4066
4405
3426
0562
20511
77601
52764
26321
01062
41636
45665
52355
61213
16545
67053
37600
66047
17023
61232
05722
12526
42714
12302
37674
74136
55266
42760
71736
23124
47430
27274
06576
65245
45137
36615
36662
12270
53254
33564
70371
36045
37140
71421
30523
42303
07361
35220
36203
66327
10170
17607
67762
44521
62467
53615
20266
46013
66663
75625
53634
56073
12346
55007
22157
01563
40324
37644
75053
44543
34621
14664
26272
45370
56161
37772
24022
21415
77416
17531
31324
12243
60145
44542
24412
30642
33251
43712
14075
31022
05403
73356
10435
07406
56007
03157
43706
76332
42615
36105
03431
17311
56752
00671
75507
77336
14475
27717
17646
04674
57207
27216
57252
26215
37456
57625
50116
11664
04752
64425
01511
61046
20733
35605
14043
34315
22312
62553
33372
24001
61541
15565
63230
33366
45762
06117
01224
24345
77212
31230
11172
02402
47222
27212
33220
56011
24232
55733
77647
41661
27025
26206
67612
56644
36361
26452
32233
43031
27252
34064
50412
42427
52747
01207
22677
00376
71753
47273
67311
32421
43554
77526
32232
03352
54424
70674
65310
55351
16541
43551
77722
50304
06026
61124
72226
61761
73261
10273
71105
67551
50462
35732
31113
03713
34305
07054
24474
76046
44155
73465
03140
26344
13476
31646
66131
64312
01746
34101
30472
13553
05372
21421
04137
23610
01326
40140
23053
53264
13727
07076
03265
24047
26026
61072
07006
24346
70163
70561
03553
34372
34232
55552
63563
61075
60155
20356
40200
74232
16354
74632
31335
50422
44617
17452
56160
02763
67571
66153
02132
32126
55731
44033
40671
51036
01773
46107
40404
64376
31224
41716
23247
66054
77362
65150
32545
67643
23532
45652
40563
67631
42777
16443
61736
47330
14415
47243
46152
50163
32607
67200
50504
54343
30775
53450
25451
25710
35322
66403
77311
42773
01134
50156
25040
37325
04377
74330
73523
24555
21754
42756
16577
13770
40526
30175
51341
76412
43436
47146
51254
75655
33043
71264
56665
11613
75321
22606
25532
13323
52155
64066
62307
51354
76001
61713
55317
33067
20610
72515
06111
10605
11723
77666
74272
45102
76210
54603
62270
12555
36063
72343
10463
20626
70210
61752
41100
00612
53505
52107
05210
76325
13724
46306
06102
36276
22757
41136
45466
26052
67673
61146
31670
14065
53143
14421
03473
42603
71037
31314
33133
52006
04764
74724
30046
51522
01040
45053
13056
04272
45175
73765
03720
21220
35756
24223
77417
17353
41277
44716
04117
61366
26152
01522
43317
37546
60710
76217
10776
25335
73401
06366
56115
27677
23602
12405
16740
62476
46475
15341
12354
01554
47672
40717
77576
40622
44650
10736
76606
71323
16603
54272
54462
34103
43165
03317
03201
44075
00565
57265
04020
45306
00250
03124
22274
75603
26274
25635
61105
56222
50004
67256
25146
10264
41730
14517
57435
53016
30403
43360
23703
45414
26137
17474
34332
40726
32575
53570
35533
66253
34353
24661
44173
36060
36745
05051
53010
60727
62215
37707
37053
30242
33311
30255
45267
42000
25063
01573
25411
66462
34477
50222
15747
34660
33761
65403
23541
63361
07300
27371
74513
64400
31004
76476
05501
50242
32477
00164
66105
03216
75036
73174
53630
53563
14051
27034
63132
622175
435072
074077
666772
714155
672254
124304
344601
512262
106602
154706
267507
043336
164422
074236
662322
703700
520047
645550
124251
536567
242221
675732
243547
320607
055463
663155
676372
645106
737176
455020
335266
760001
555507
025242
122004
054313
616072
663267
716520
164214
335733
454031
140223
527753
374455
772111
520042
662453
210753
700746
257014
664272
061751
143274
046323
316363
273127
652676
715252
176000
635700
670446
320507
327020
127752
314265
210316
236012
305152
557014
024254
266043
317034
711701
315275
356133
353077
233613
205017
336643
727303
747730
747672
404021
170751
540336
200532
315734
023741
272735
327345
061213
636033
364005
443763
040766
707260
763512
635523
700040
500516
256656
341207
425365
473341
732032
451077
727320
347670
313171
065177
346143
534765
400654
251772
355432
242103
457772
351705
261021
014122
620405
221247
247445
746463
526101
016741
770117
050227
346530
526464
676503
354446
365625
134013
166633
313077
562373
727407
506614
637211
701200
323436
306136
553755
412617
011320
575442
336750
311703
753710
434362
363251
170004
700743
522756
175570
464543
361361
545010
120567
706332
564465
453247
054145
131635
774044
034764
776231
222336
006551
015446
324422
141456
244675
151101
502332
364244
411051
217011
727443
774210
115541
416100
162052
024377
312262
053766
355026
753435
517123
152351
247740
174112
056133
672744
131055
473725
110476
713026
553477
662413
631322
770345
732265
353412
553364
702031
241253
343401
117532
660376
313525
625616
447721
045035
205245
550626
127337
024565
662025
727530
214022
270340
545636
133610
331276
631460
245240
157065
274315
034435
204101
225450
072053
522522
272511
111154
672724
403707
266275
572574
021600
503317
655102
555543
532257
147766
636527
435611
572370
231307
247215
614774
460042
414550
473622
331253
666116
621734
642256
111666
341412
236460
630552
212477
277642
136766
435674
623336
633604
675421
333570
100654
706370
202666
237206
050106
753014
561063
454546
410051
102634
370017
210601
115316
232670
124502
677272
704033
135740
656203
422235
514075
576355
046603
231005
737377
726116
636674
047504
771615
577424
060135
261324
156450
405754
527632
600732
453773
111101
156636
371236
235751
247675
131121
066470
427606
305556
552121
050557
405621
136751
403205
156557
532537
011313
200354
155204
427232
350444
073036
325702
752645
566705
474166
137333
515444
542572
172415
735317
772467
365515
016774
663547
233346
472567
141166
707542
755723
666534
136007
177203
704052
474342
711365
064116
742617
263121
176564
362660
260373
121032
646647
256460
214572
073702
025135
457753
416376
033170
560162
442060
551074
672606
114630
462371
005602
652014
353002
370767
305605
327461
315654
150054
363325
765556
332226
322727
443001
552053
726223
614030
373550
205654
345240
362773
564272
371125
613753
617506
124217
511101
447107
505154
133332
624636
163667
613365
655220
113524
672241
217035
031452
000132
314321
213607
213321
736461
504624
411210
414272
435156
162004
146174
162644
456175
255376
012405
035602
102711
650242
605550
724204
234762
055055
557602
656324
552745
620055
017652
567565
730721
505673
207210
541105
651044
314147
066352
642670
075266
522717
263035
046253
555205
075505
761557
433740
207411
500135
664662
543507
006144
163103
614407
137447
146443
753772
410615
106550
771553
672567
067550
334426
272303
004235
447732
712301
637250
045222
755347
434441
251634
415447
202267
251114
672072
046700
563354
214750
141431
302231
104650
534712
057666
700375
401335
220627
553723
3166111
6236121
1616042
3363031
4377764
6041251
3717647
4312055
0220604
0410327
7476036
3043615
7114746
1176750
0131371
6215204
3230701
2655264
5023613
0344374
1456323
6046142
1270233
2346227
4463171
6571057
5402663
2601224
0233252
0270553
5415016
3223773
7313452
5124462
3361165
1550751
2160520
5447020
2516711
4176463
1732454
2767664
6701062
4264753
2177712
2414765
0555112
6535250
1645560
5117130
5122475
3607474
0477436
7156670
2001127
4721733
2510052
0610403
0464457
2651205
3204510
3676632
5057215
2054757
2626665
7623066
2643453
3020517
1616013
7465636
1746107
5566573
7204337
4155611
4371217
0503070
1357306
6254656
7454207
2734075
0256215
3057401
1502340
5425562
6573416
7202776
1375060
7243047
5404556
4515072
6210174
2012166
6710550
7471746
5522152
4420340
6661436
5712776
6675005
0325561
4062422
5256576
6036616
5636104
2603613
2355701
0755513
7133726
7730334
7150202
3157275
3717206
5065015
2430060
0561612
1577702
3036255
5454361
5002254
0776022
5112466
6546542
7114252
1672753
4635567
7441524
5630456
3135351
4740132
1313570
3350232
4263037
1250663
7777442
5143402
3321055
0072250
5425723
0032021
7336550
2170452
7645340
5763067
6026206
5402741
5512674
3213345
0170417
4576504
5376305
6203247
5557600
6316005
0064066
1556534
1311717
2735076
3150753
1337630
7031206
2355200
6547406
0701770
7543775
6523665
1312176
6055700
4626612
7471565
6155632
1006572
4703005
6220750
3003017
3530232
1445365
6671572
6367624
0153261
7075342
3433163
7456175
4156703
3613670
2473474
2300256
2334402
1176427
1774217
1421220
0444401
1333344
4161146
5554072
0270350
0637351
3776632
7064557
6364010
5613126
1743767
0667573
1062623
0406511
1455147
2301557
2165206
6523632
5155602
4547143
7627544
2707320
3112515
5047215
7501031
0703530
4634642
3702571
3725122
0115700
4442727
4755735
2330320
6760172
1000277
5231517
6526123
4057617
4037646
0321207
5745531
6625346
3111056
2315046
2164365
5670551
3337064
4040365
7242402
5334204
3744546
5162647
6135516
3523115
1545150
3613437
2706242
3135315
3354154
5242541
2512244
7327434
2330772
2230421
2037564
6743674
6704670
7727521
3650226
2355012
3616710
4506561
4200120
4470226
5240770
4715275
2717242
5302202
4257450
2152367
6634226
1604446
6572102
6176543
6634351
5377111
2707063
0253715
6155131
2166346
2720420
7244213
2777073
2052763
4215660
4240655
6234610
4577254
4125344
3671270
1565235
6705405
3337235
6054444
2312046
6232075
4540610
1611124
6667611
3236045
0701526
3423116
0016330
0767331
3577216
2256421
1703516
1713534
6027307
6775046
7500114
7044302
5062551
1307021
1305606
2537626
4731214
5003127
3732214
0071373
0563111
6360412
1222371
7746532
0105561
3606111
1025325
1704655
3021320
4700604
2205260
5312272
6762242
1042364
0745072
2604742
1233644
5645424
4006656
4631363
2550676
4273212
2540373
7745300
1070566
5420432
7556513
4504370
7726064
1644537
0247212
1113666
5074401
1021357
2012337
6572526
1642605
2574655
1215355
2011577
4016063
2502240
6266347
3570700
1620142
6356571
7515413
2257061
1247377
0305231
5652762
3224476
2674322
4041417
4231552
6403361
4151034
7174436
4174127
7013251
4705461
3705604
6227014
1370406
3570564
4165005
5454174
2435313
1452647
2045243
4245311
1340021
7354566
3742312
2244325
6324126
0466537
6144737
3674223
0746637
7447564
1403505
2666645
3505226
0156677
5572634
5523674
5525017
5611267
5123026
4133156
6704062
7002311
5137613
1524663
6676441
0353566
5200333
0330467
2342523
2140110
7510610
2532371
3421633
5736266
1724033
2331675
7233277
3660661
3553672
0541544
4233376
2505566
0044011
5511572
2723074
7104001
6747171
6763337
0415525
7315120
3036540
1574200
4352311
3244747
4474225
6201626
0175146
7151714
1131744
5275100
1116424
2634304
2005164
7313700
0532704
6313754
5503770
2401477
1773364
7616270
1342444
1205366
1301342
4470247
1547162
4315202
1201402
6650546
1617033
4416552
1504533
0205502
4105442
0345427
7434164
7273776
2050727
2024763
4207100
0443535
2757663
3132136
0060734
7475233
3347435
3535065
0544762
5603302
7010421
1143434
7147372
3337767
3675667
3372640
2722004
2241015
0642551
4256350
7614631
73515755
02571200
67630701
45123345
65524102
34731376
34323730
25212713
31216200
56473636
30765656
36366650
17471626
55033564
52167300
71066170
00233507
25016132
76271373
10566470
64047364
10465155
27064170
53612140
04204344
53442417
30121410
24236440
00413167
55161043
10225711
40160720
12464675
22363163
35440446
52407621
10274026
52515044
31107753
50371203
11272105
47005163
14543561
16250424
76432136
51114321
56237625
03002435
07663061
67440127
53227377
35112373
06022625
71326216
30610152
07053275
23514617
33025513
16265104
12154242
53744501
00010457
74775327
45521505
27457505
20633621
44555421
74042426
74334251
61065605
35074406
72063623
57547357
77261446
50577040
73535513
52362350
63223651
36502707
56666277
42733136
15477046
26171777
63411042
43346612
33131204
10757473
22232272
12066202
50771503
01544655
50436756
35771074
14000262
77051713
12562416
64353746
32474466
65327310
61514602
62646523
12300537
47553317
25733602
03335261
23055120
33457050
37231637
26074072
53275332
71671114
41141317
20056650
32522440
14624146
62606422
36774703
01333764
27615617
56736404
75316717
26634272
05334332
53176072
34531212
63357161
05032401
15665751
05640436
10057156
22024223
75513303
16555034
02323646
25431772
25224433
54375227
75056435
30011255
70463513
64524352
35235717
61676367
61417765
01265116
52365762
24522664
24723234
46710150
52662647
45033405
15377604
62273261
64745425
51616264
77100451
40466450
56414250
01225453
42516061
01146247
63371020
41700324
40705212
02666667
16306264
74610246
72041404
15014514
03122434
43224454
53230324
64556057
54611001
46754742
14207311
20103024
63713753
16342761
41431250
20516732
67036166
61540362
44703173
37604740
34027604
46377755
57332064
41527645
21103604
31753667
04257745
43245437
52756373
66102171
30112054
70641335
12733744
34172066
73101124
26510531
17142313
47505605
47012652
02146504
17116272
51256144
65271471
65416111
64211272
71756042
55226546
31545575
35151102
26312366
16056575
44175473
14231724
43146166
41260612
23050447
02404263
77332344
27006046
26677441
27075522
50351543
17013271
61554076
73046135
17261400
30322744
13274264
06772460
66747311
54760377
62466477
23051156
53015263
20213243
11052651
61153471
71763355
21433276
56235416
35726221
10656245
16533415
00015361
71302615
70367773
26741643
73305543
35652024
60644703
75046120
63055575
66314057
25020046
41143442
31315375
10745010
44271401
56042144
57514645
62254756
51607556
35523246
25143533
50077372
40125411
41525744
66434725
44221654
32364477
32463752
03372452
07016032
67066327
01313550
26075235
11570064
12577400
03667441
60632745
32666436
42230167
50107343
73055547
66255352
31600560
21416265
06035305
25523660
10030556
17365401
56231736
43210544
71100470
22337205
51367403
14364120
56553401
03560641
24504163
25632737
67241432
52303463
24640121
33107456
73553417
43126314
44231163
06011267
77661313
35340420
03544233
10734731
21540337
72274672
04170317
46047066
35706544
17464454
45045445
11136434
66061754
44654335
36514765
60745436
46124671
40160646
62565014
14057027
03211247
50766765
15250674
63007621
37431741
27130332
36463314
10044423
72543247
47274463
30750321
41630554
33702222
06166147
75435356
50054666
22273260
15255173
15045701
21265670
66235217
16711667
44442151
04376715
21565010
42541267
73453227
31123051
00245615
25466713
44520757
37243355
47714234
44160102
54031607
01522573
61153626
15341257
65306166
25622461
77037032
64060573
73643272
53602371
72571044
07625216
52602434
33062067
24655675
51540727
22300241
33773256
06506557
76732706
66101265
43200657
57524357
22034603
16625120
16757567
44254040
15364261
35432115
73420542
27360221
46571744
30620645
03426527
16414540
41070417
34600043
65037761
64556107
06250427
63257671
44360450
70623131
50137722
32505435
26220155
55235107
67616533
27722043
14135551
77776701
64627042
01543077
15145741
20723705
00301353
54067753
40217567
32001071
01344136
65015462
22301634
64223420
51242762
45147116
60106002
01575400
21236201
57025437
05745421
62037224
27244543
42764135
50564651
20307573
60747055
22334506
63640654
72277066
60446300
36016672
01320462
57561170
41217734
41400005
36747534
27420250
70566617
46425457
67376172
36364626
12025655
06055044
13474434
53321137
34041717
45060076
00627230
64004022
75441701
61434733
17535000
00606336
20047063
41313057
64066666
21717444
22174612
66776526
11124677
02624547
51722037
20371004
20544175
16137577
33504355
02734672
01635245
31564445
56276442
56130126
62357144
15644457
77032502
11732655
74630573
66230425
01020010
41027004
04211402
13506154
22026457